Cancer	CD14	CD19	CD4_Eff	CD56	CD8	Endothelial	Eos	Fibroblast	Neu	Treg
TCGA-AB-2995-03	0.0711787743262178	0.386994510863674	0.0790704827823997	9.99988400134558e-07	0.129945492632285	0.130857482053208	0.0138767390298273	0.0659797346350782	0.0221121434991354	0.0298630535885784	0.0701205866011954
TCGA-AB-2884-03	0.437330970693837	0.228746369416752	0.102563820516064	0.0344603037065074	0.0427692081541062	0.0414072238169261	0.0212887551793154	0.0423661127897029	0.0310236432281029	9.99988500132248e-07	0.0180425925101861
TCGA-AB-2878-03	0.604750958537924	0.121070790502803	0.0130635694949407	0.014479255352239	0.0233477667558101	0.0464787356774306	0.00234747654870928	0.0182600175824244	0.00507193933132608	0.151128490226383	9.99990010099799e-07
TCGA-AB-2998-03	0.635388099685237	0.276200000467995	0.00652078918422946	0.00908800130430584	0.0416290479085397	0.0126768623292751	9.99989140117938e-07	9.99989140117938e-07	9.99989140117938e-07	0.0184931991638571	9.99989140117938e-07
TCGA-AB-2913-03	0.860428767599324	0.0478894861458137	0.0142697468856159	0.0312584645966749	0.00994381330288326	0.0207807770222625	0.00272407077072063	0.00890513444790737	0.00379773925025784	9.99989270115131e-07	9.99989270115131e-07
TCGA-AB-2883-03	0.631636881452346	0.302324592801839	0.00105587810025381	9.99988730127011e-07	0.0137038455576606	0.0210929622823151	0.00173542044181162	0.00638262806778168	0.00322122369680894	0.0111211746643615	0.0077243929460915
TCGA-AB-2984-03	0.812071742382137	0.0646160633768775	0.0246071194788379	0.0209104616207375	0.0364383846024155	9.99988600129958e-07	0.00947999192809202	0.0217445521121059	0.0101286845329963	9.99988600129958e-07	9.99988600129958e-07
TCGA-AB-2837-03	0.583344816544945	0.242192432760213	0.0247021381573355	0.0420185546033212	9.99989400112359e-07	0.0477019943588598	9.99989400112359e-07	0.0204407833276967	0.017666412736025	0.021929867543404	9.99989400112359e-07
TCGA-AB-2874-03	0.797260046769675	0.0961769199331892	0.0309097528834751	0.015700523683119	0.0256066124377423	0.0064069780496365	0.0102800845546505	0.00962686189034097	0.00803021982063141	9.99988770126111e-07	9.99988770126111e-07
TCGA-AB-2836-03	0.636622924572816	0.215835601203128	0.000256721146801174	0.0391201652184838	0.0100071887801039	0.0388571681414333	9.9998888612352e-07	0.0027651592680199	9.9998888612352e-07	0.0565320717025551	9.9998888612352e-07
TCGA-AB-2876-03	0.807726357327977	0.0866496728485005	0.0109429829100829	0.0118996726735024	0.0259319225284289	0.0205329802971108	9.99989300114489e-07	0.0363124114571974	9.99989300114489e-07	9.99989300114489e-07	9.99989300114489e-07
TCGA-AB-2830-03	0.202692750110474	0.164246176867437	0.111212765538303	9.99988900123208e-07	0.103294853427127	0.121802647990607	0.0260984103076456	0.041182142878214	0.0278552908062721	0.0117140699738233	0.189899892111198
TCGA-AB-2823-03	0.593043245237437	0.266381965909408	0.00799409894721299	9.9998861012973e-07	0.0283245773830636	0.0231773360101428	9.9998861012973e-07	9.9998861012973e-07	9.9998861012973e-07	0.0526245006069381	0.0284502759513569
TCGA-AB-2999-03	0.454744011458194	0.303482670795101	0.036404500642628	9.9998903012034e-07	0.0850244672815939	0.00398512628316467	9.9998903012034e-07	0.0139995464249757	0.0315036544049112	0.0265504087420161	0.0443036139893545
TCGA-AB-2940-03	0.777675733306955	0.0833623138586037	0.00523523434945887	0.0131936597513968	0.0031204068300754	0.0454290170895483	9.99989370112996e-07	9.99989370112996e-07	9.99989370112996e-07	0.0719796348564815	9.99989370112996e-07
TCGA-AB-2941-03	0.0517062793177673	0.224312741170696	0.00957119361808026	0.0140336586810571	0.00702688923922536	0.0142804561958061	0.00530326659610538	9.99989930101404e-07	0.00873638202463301	0.657712376836365	0.00731575633033375
TCGA-AB-2987-03	0.159516226179565	0.359206005629217	0.0950434431169126	0.0909151890230981	0.10812779761889	0.124255618277525	0.00163470182211574	0.0215091608181317	0.0119191674588579	0.0278716900668065	9.99988880123653e-07
TCGA-AB-2963-03	0.646696513633968	0.267450317473316	0.00790886067412744	0.00363875350330236	0.01762392323205	0.0225082742420094	9.999899701006e-07	0.0144706548593318	9.999899701006e-07	0.0196997024119848	9.999899701006e-07
TCGA-AB-2967-03	0.753034264802528	9.99988400134558e-07	9.99988400134558e-07	0.00319400294956578	0.00202433651769639	0.0226196376122037	9.99988400134558e-07	0.0513617042042312	9.99988400134558e-07	0.167761053971774	9.99988400134558e-07
TCGA-AB-2843-03	0.658329054628474	0.0599027680257973	0.0691571703918524	0.0589618779521876	0.0249923363308517	0.0927003220116028	9.99989450111301e-07	0.0155494359534507	0.0104331899298462	0.00997184479703739	9.99989450111301e-07
TCGA-AB-3012-03	0.707885248656527	0.154225311232842	0.01930728858519	0.016187922742246	0.043969118538152	0.0321271482077271	9.99989050119901e-07	9.99989050119901e-07	0.000888240273769002	0.0254067217963963	9.99989050119901e-07
TCGA-AB-2971-03	0.199461726136322	0.352023986926549	0.0918276531647539	9.99988600129958e-07	0.0937469312849833	0.0161808155387029	0.0426483138092226	0.0730168676077093	0.0513369147591717	9.99988600129958e-07	0.0797547907953849
TCGA-AB-2873-03	0.136026528192965	0.427534374078072	0.0984029352802403	9.99989180117071e-07	0.116534739094123	0.00345440262336362	0.0137685510242779	0.0739209001758601	0.0378774901655564	0.00259175195724382	0.0898873274191173
TCGA-AB-2851-03	0.381588863576719	0.470226902740374	0.0349912206951677	0.0229417513114158	0.0267248103030563	0.0147418401984523	0.00364672046955011	0.0028918086527942	0.00592177580795024	0.0363233062553602	9.99989160117504e-07
TCGA-AB-2853-03	0.070600162934299	0.593034808716597	0.0563492117142297	0.0489312891573412	0.122958716311002	9.99989560108992e-07	0.0429873512120533	0.0384474986081145	0.0103061924033513	0.0121163735050606	0.00426739544839152
TCGA-AB-2847-03	0.566098687999629	0.122258636816199	0.0541112966590422	9.99988850124321e-07	0.0825386796937214	0.127942573440306	9.99988850124321e-07	0.0130339546714054	0.00797162111642455	0.0215548596633147	0.00448768996225692
TCGA-AB-2833-03	0.569044825863639	0.196634866511698	0.0477451819647757	0.0710675289173112	9.99989150117721e-07	0.0694660462933977	0.0114302759815056	9.99989150117721e-07	0.00786276468900312	0.0267455098112185	9.99989150117721e-07
TCGA-AB-2814-03	0.601418624962575	0.119620732020241	0.077723476131153	0.0476940944425989	0.0371688060106563	0.0421303534182538	0.0392238842268272	9.99989400112359e-07	9.99989400112359e-07	0.0350170288194945	9.99989400112359e-07
TCGA-AB-2898-03	0.306219662205682	0.384417809845873	0.0505149493870517	9.99989100118809e-07	0.0843852802004458	9.99989100118809e-07	0.0266857091257705	0.0482924736120376	0.015520630825124	9.99989100118809e-07	0.0839604848307154
TCGA-AB-2866-03	0.807937732954203	0.047111259633852	0.0111208724435931	0.0209204600423233	0.0344987042998617	0.0666981349723919	9.99988530131559e-07	0.00167769075688702	0.0088764981865658	0.00115664673326197	9.99988530131559e-07
TCGA-AB-2875-03	0.477379734501528	0.202961761331773	0.0762095594085597	0.030593262556314	0.036034902535025	0.12083066723774	9.9998897012166e-07	9.9998897012166e-07	0.00765294558801016	0.0483341668741394	9.9998897012166e-07
TCGA-AB-2841-03	0.244555236525827	0.552951751645206	9.99988700127688e-07	9.99988700127688e-07	0.0950448259934663	9.99988700127688e-07	9.99988700127688e-07	0.015537524425974	0.0176077010329783	0.0139158427509769	0.0603831176707703
TCGA-AB-3008-03	0.846619771844487	0.0275616995774746	0.0217728626757968	0.0271920036071607	0.0139693477341097	0.0342494266812492	9.99989100118808e-07	0.0286308879233216	9.99989100118808e-07	9.99989100118808e-07	9.99989100118808e-07
TCGA-AB-2811-03	0.661773549753377	0.221149510298813	0.010613280515688	0.00545708856409695	0.0157883222550681	0.0433269122256222	0.00025487513061578	0.0328476302013792	0.00878683107785573	9.99988742126741e-07	9.99988742126741e-07
TCGA-AB-2895-03	0.47041241620462	0.312321292746255	0.0364222676676828	0.0621350624568086	0.044891267140659	0.00241084138331278	0.0228969282134621	0.0160232098044996	0.0104538759124929	0.0220318384820772	9.99988130140895e-07
TCGA-AB-2933-03	0.585602482244373	0.174464058215032	0.0430400209645667	0.0508430341170303	0.00860173426269766	0.0312553521279308	9.99988870123875e-07	0.00170080107008409	0.00270064994176615	0.101789867078779	9.99988870123875e-07
TCGA-AB-2942-03	0.40937080394926	0.333620580389051	0.0460767277135409	9.99989750105062e-07	0.0607888769140116	9.99989750105062e-07	0.00338001535484261	0.0483632042771562	0.0218826757025741	9.99989750105062e-07	0.0765141157303138
TCGA-AB-2910-03	0.498496740859384	0.242264444110115	0.039226086164791	0.0617450485897374	0.0373552059025777	0.0514867568147156	9.99989450111301e-07	0.00716207444011466	0.0275675091627783	0.0346941339768865	9.99989450111301e-07
TCGA-AB-2934-03	0.513287430831376	0.141080469276908	0.0754785810573955	0.0243074362643165	0.0607992403282424	9.99989150117721e-07	0.00711727277759036	0.0912556098766329	0.0327248449354325	9.99989150117721e-07	0.0539471146738058
TCGA-AB-2959-03	0.686334518953743	0.0824264015522231	0.0526561260482261	0.0248877287237569	0.0752241800564374	0.017818505778287	0.00647494942305129	0.0252528247442103	0.0221856581763259	0.00494609608755265	0.00179301045618603
TCGA-AB-2871-03	0.367568177290956	0.0647153269605996	0.103212926585564	0.0639339350870751	0.0995617645576486	0.20700884710799	9.99989600108159e-07	9.99989600108159e-07	0.0117121781933468	0.0408543751144988	0.0414304691231211
TCGA-AB-2932-03	0.665647266977895	0.238955582964278	0.00959150298194734	0.045922435494565	0.00901972876544354	0.0208979886168451	9.99989885102312e-07	0.00975178136073154	0.000210712868639334	9.99989885102312e-07	9.99989885102312e-07
TCGA-AB-2824-03	0.53600350703606	0.262182313155655	0.0097931996392901	9.9998975210502e-07	0.0220974735450911	0.0766845141370991	8.7287105481743e-05	0.0568330175752359	0.00532560542319562	0.0309910824033875	9.9998975210502e-07
TCGA-AB-2972-03	0.518892292184786	0.112165766176572	0.0269649033860628	0.0678807533117136	0.0526516208321708	0.054446001093988	9.99989000120999e-07	0.0782578391637692	0.037958482456693	0.0507803414162444	9.99989000120999e-07
TCGA-AB-2915-03	0.429757337132892	0.23904040641159	0.0282997929472465	9.99989150117721e-07	0.0434404286713489	0.05317562304449	0.00241505379666631	9.99989150117721e-07	0.00292923821776534	0.181838027057406	0.0191020927422937
TCGA-AB-2970-03	0.684212302611596	0.175278028122184	0.0241552282536821	0.022984341426159	0.00729161796929785	0.0486455527375317	9.99988750126561e-07	0.0338267194494062	0.00360320946389353	9.99988750126561e-07	9.99988750126561e-07
TCGA-AB-2949-03	0.371278064452517	0.280109030844273	0.0843237061687146	9.99989400112359e-07	0.0564279018642402	0.0830707194503738	0.0220946657965426	0.0551912149731213	0.0248429366648714	9.99989400112359e-07	0.0226597598065461
TCGA-AB-2912-03	0.736489112201608	0.165305229580991	0.0408151628696057	9.99989290114703e-07	0.0137791524252775	0.0311572663056779	9.99989290114703e-07	9.99989290114703e-07	0.00808722338583754	0.00101203916106059	0.00335181410207097
TCGA-AB-2838-03	0.599822263995975	0.121374636962827	0.0298496647882644	0.0211409625869901	0.0155671251811842	0.0979266002842788	9.99988770126111e-07	9.99988770126111e-07	0.00415398335076697	0.110161762883403	9.99988770126111e-07
TCGA-AB-2872-03	0.647002251766514	0.219761707885387	0.0269165192607041	0.0259297295529208	0.0120389744334967	0.0441032400032068	9.99989570108784e-07	9.99989570108784e-07	0.00232780572098633	0.0219167714080742	9.99989570108784e-07
TCGA-AB-2897-03	0.45166957228675	0.334470980662225	0.000175914886030815	9.99987983144407e-07	0.0532638599281952	0.0211430459240171	9.99987983144407e-07	9.99987983144407e-07	0.0147065232717098	0.0643262269917302	0.0602408760853921
TCGA-AB-2965-03	0.345466234418045	0.407183561699178	0.0413812489443865	0.0276603985016563	0.044600413855489	0.0397535666861231	9.99989100118809e-07	0.0700036369603571	0.0239479389674653	9.99989100118809e-07	9.99989100118809e-07
TCGA-AB-2891-03	0.687665277518933	0.0474591670335542	0.0773517313400571	0.0404310459593539	0.0268188988237662	0.0533267011411462	0.0150980304491181	0.0123472613402552	0.00107131796909921	0.0384295684359465	9.99988770126111e-07
TCGA-AB-2921-03	0.795415832033904	0.148153478641559	0.0053114554577262	0.0205124893613492	0.00465836216421061	0.0177778174431482	9.99989731305447e-07	4.38683495246924e-05	9.99989731305447e-07	0.00812369657938456	9.99989731305447e-07
TCGA-AB-2867-03	0.322734795243483	0.189674116536023	0.106361943825898	0.0701435034750105	0.108661920987125	0.0275212267142187	0.0420988819581022	0.0497835056497889	0.0252235495301532	0.00625776786036515	0.051538788219833
TCGA-AB-2842-03	0.477123837520078	0.30562369315164	0.0409713566899206	0.00121560684713391	0.0482326781224227	0.0396468710208556	0.0186422982903325	0.056050893529332	0.0124907648499243	9.99989180117071e-07	9.99989180117071e-07
TCGA-AB-2862-03	0.531941084815137	0.21916356290118	0.0499303447745661	0.00386300704336168	0.0746233701881235	0.0363779954766903	9.99988880123653e-07	0.0095200641368868	0.0179724001469104	0.0101447871899664	0.0464623833382973
TCGA-AB-2840-03	0.581614328883648	0.199802708262936	0.0831801459237263	9.99988530131559e-07	0.0470341605181789	0.00686929120922983	9.99988530131559e-07	9.99988530131559e-07	9.99988530131559e-07	0.0146490319756032	0.0668463332725574
TCGA-AB-2822-03	0.262247351301752	0.344031525281595	0.101959970204301	9.99989900102009e-07	0.0883850073114262	9.99989900102009e-07	0.0573333209334586	0.0534773598786652	0.0364091322677641	9.99989900102009e-07	0.0561533328513382
TCGA-AB-2832-03	0.484085018765157	0.180022147572101	0.0949510229539738	9.99989710105883e-07	0.0512513726233757	0.0749357289113495	9.99989710105883e-07	0.0691158887975043	0.0414343736402953	9.99989710105883e-07	0.00420144676711277
TCGA-AB-2893-03	0.346599975627683	0.384284538072228	0.0563631455675168	0.000739102418281821	0.0247110130804271	0.0810339591147007	9.99988389134814e-07	0.0375385641397318	0.029949252259232	0.03877844974342	9.99988389134814e-07
TCGA-AB-2956-03	0.489785622153869	0.10633983238864	0.142359436893383	0.0757834678975225	0.0824863942993906	0.00444723116940176	0.0193251878094379	0.0290221813364489	0.0262626116365242	0.024187034426362	9.99989020120559e-07
TCGA-AB-2903-03	0.694618553689104	0.112507793916449	0.0493366711108857	0.00177160100843719	0.0472477935036536	9.99989280114917e-07	0.0152102369462599	0.0493955704794845	0.0152686363202186	9.99989280114917e-07	0.0146411430469465
TCGA-AB-2845-03	0.596285578004325	0.139657495888769	0.0461736027102988	0.0131778580744685	0.0298882781032448	0.0534013248677312	9.99989230115991e-07	0.00660419887277814	0.0105837860126246	0.104225877487299	9.99989230115991e-07
TCGA-AB-2948-03	0.678563060812189	0.135195418213607	0.047687942051078	9.99988300136888e-07	0.0275981771013279	0.0189527782524944	9.99988300136888e-07	0.0185221832904555	0.00818190427172002	0.0310238370211069	0.0342726990094216
TCGA-AB-2869-03	0.496531567944647	0.262091132723008	0.0378763856323412	0.0118407704619711	0.086728151194026	0.0193368884544403	0.00631905086958349	0.0308260627628734	0.00755713732491767	9.99989060119682e-07	0.0408918526431321
TCGA-AB-3009-03	0.882862323828931	0.0277817955115212	0.0138847478231639	0.0128727589145623	0.00231855458864171	0.0339092283548572	0.00152461329023834	0.0195657855589903	0.00527819215101403	9.9998904012012e-07	9.9998904012012e-07
TCGA-AB-2944-03	0.930848890981044	0.0196552865435881	0.00757329775398639	0.0113296769597082	9.99989140117938e-07	0.0151087359191279	0.00120806688039368	9.99989140117938e-07	9.99989140117938e-07	0.0142720450055912	9.99989140117938e-07
TCGA-AB-2886-03	0.717639299730314	0.138989508642572	0.0381804903233388	9.99989270115131e-07	0.00393565777039212	0.0626346279304423	0.0056317295715417	9.99989270115131e-07	9.99989270115131e-07	0.0292863857570808	0.00369930030650771
TCGA-AB-2904-03	0.513230523830311	0.129663616489212	0.0797263493198528	0.0471162972691081	0.0563382988703511	0.0807731381506159	0.0192631944617151	0.0479283886040936	0.0177454106564683	0.00821378235894223	9.99989330113848e-07
TCGA-AB-3005-03	0.158595342678669	0.549486257868605	0.088441275788668	9.99989550109201e-07	0.0490135878080074	0.0672385973566576	0.00307211789636798	0.0497122805066687	0.016849323924565	9.99989550109201e-07	0.0175892161926908
TCGA-AB-2861-03	0.611954507162679	0.0355832224620097	0.0336611428552743	0.00922675210416017	0.00410256647176974	0.103445902438975	9.99989390112571e-07	0.0510810580299743	0.00751937021948197	0.143423478276895	9.99989390112571e-07
TCGA-AB-2917-03	0.685082703869204	0.0209794765685745	0.00653196043462137	0.021168774552551	9.99989350113421e-07	0.0519182470706687	9.99989350113421e-07	9.99989350113421e-07	0.000296116846355586	0.214018720700625	9.99989350113421e-07
TCGA-AB-2964-03	0.595375391333156	0.140690438336134	0.0581991539893907	0.00277021925056632	0.0532864085208654	0.0413336411965827	9.99988900123208e-07	0.0543660965363284	0.0211930647569812	0.00156623261481798	0.0312183534762764
TCGA-AB-2955-03	0.803678145074198	0.0637406977049927	0.025864315026977	0.0283725873908321	0.0216175618177039	0.0248403263092847	0.000252615216685543	0.0316307514923801	9.99988982121395e-07	9.99988982121395e-07	9.99988982121395e-07
TCGA-AB-2911-03	0.749803849632154	0.12796960897035	0.0241149378706253	0.0128417604100643	0.00952576645491863	0.0387571787094674	9.99989130118156e-07	0.0198433843024126	9.99989130118156e-07	0.0171405136826163	9.99989130118156e-07
TCGA-AB-2892-03	0.429290269650519	0.347809167490783	0.0319566478696971	9.99988981121417e-07	0.0365504972500708	0.000569648723040721	0.000268201044692689	0.0366887957261599	0.00697298316469851	0.0426935295599978	0.0671992595313592
TCGA-AB-2817-03	0.335711072180455	0.30367444700897	0.113196675598895	0.0435397905844502	9.99988300136888e-07	0.0998332319511862	9.99988300136888e-07	9.99988300136888e-07	9.99988300136888e-07	0.104039782734542	9.99988300136888e-07
TCGA-AB-2857-03	0.387446551338698	0.0887033815077735	0.138592408681964	0.0172070024291981	0.0836739392558295	0.0959545982493029	0.000881281881121441	0.0297936579092199	0.00782190018894203	0.149924278569433	9.99988518131835e-07
TCGA-AB-2805-03	0.637725972259786	0.167432154897653	0.0573705677763431	0.0100326894397624	0.0388779715647534	0.0238356373312766	0.0243800313320547	0.0265513074045924	0.0124655626294998	9.99988980121439e-07	0.00132710537529876
TCGA-AB-2983-03	0.607574183017667	0.136672466534925	0.0587838404453102	0.0227304449644075	0.0214930588478797	0.0555548766742837	0.0229143429010727	0.0137672455315051	0.00628594947164693	0.054222591622522	9.99988780125887e-07
TCGA-AB-2918-03	0.72851491348446	0.141601428224147	0.0284385843317139	9.99988900123208e-07	0.0203562740453581	9.99988900123208e-07	0.00682663422436011	0.0203625739754289	0.00981598104261043	9.99988900123208e-07	0.0440806107052212
TCGA-AB-2990-03	0.647131771538112	0.0981103041079031	0.0737993756609739	9.99988830124767e-07	0.0517140223543703	0.0146746360843149	0.0281545855132798	0.0371823846727632	0.0142522408024702	0.00961496260086775	0.0253647166761147
TCGA-AB-2937-03	0.644173914086945	0.168423147345379	0.0458365957974462	0.0341462243915317	0.036470798821213	0.0363381002808969	9.99989000120999e-07	0.0171943108625805	0.0174139084470071	9.99989000120999e-07	9.99989000120999e-07
TCGA-AB-3006-03	0.54820742699295	0.120386556565187	0.100595793856432	0.0662047062055726	0.0557583314576058	0.0423263925065539	0.0152047176954348	0.0448793618964509	0.00104657745153636	0.00538913538426674	9.99988010143758e-07
TCGA-AB-2848-03	0.646306961717187	0.174352101305617	0.0252635248802141	0.0465470931021561	0.0357353108424649	0.0136072518170277	9.99989110118591e-07	0.0313918581426648	0.0203658782155862	0.00642801999886221	9.99989110118591e-07
TCGA-AB-2914-03	0.798960580254759	0.123505543869638	0.00566453321515339	0.0277389729575088	9.99988210139002e-07	0.0354743817570391	9.99988210139002e-07	9.99988210139002e-07	9.99988210139002e-07	0.00865098800485142	9.99988210139002e-07
TCGA-AB-3002-03	0.807278176449531	0.054576803475538	0.0292141806890051	0.0139544474778891	0.0198891826112341	0.033600032751642	0.00257838181828673	0.00780976463927249	0.0073075901280399	0.0237904399704911	9.99989070119464e-07
TCGA-AB-2877-03	0.834172241191467	0.0443970338311448	0.0182010088894067	0.0319758642534253	0.0237626504921698	0.0176301148837937	9.99989500110249e-07	0.0149944425583531	0.0148636439317387	9.99989500110249e-07	9.99989500110249e-07
TCGA-AB-2969-03	0.344523313600544	0.39077781867734	0.0597499606754208	0.0376307973504683	0.0709451408869925	9.99989300114489e-07	0.0118905727708713	0.056065900094869	0.0284134959755931	9.99989300114489e-07	9.99989300114489e-07
TCGA-AB-2839-03	0.858619297601937	0.0451946893000109	9.99988700127689e-07	0.0124804589708136	9.99988700127689e-07	0.0236110331953249	9.99988700127689e-07	9.99988700127689e-07	9.99988700127689e-07	0.0600885209997127	9.99988700127689e-07
TCGA-AB-2835-03	0.540795170228065	0.318197569830197	0.00941082855126822	0.0596289571998414	0.00990519322201707	0.0246325344612785	9.99989220116207e-07	0.014534443318701	0.0093332493875716	0.0135600538226198	9.99989220116207e-07
TCGA-AB-2920-03	0.632348673608268	0.101517823814493	0.0572182370695053	0.0812761583344295	0.000204154634664403	0.0132959459531702	0.00777197995384025	0.0309106418693033	0.000787849871971383	0.0746675349019406	9.99988414134234e-07
TCGA-AB-2980-03	0.254448379181694	0.411801758441888	0.0362446266803452	9.99989700106089e-07	0.0916571559312939	0.0186940074517232	0.0155892394308339	0.0380650079304183	0.0186604077977997	0.0133244627580336	0.10151395440627
TCGA-AB-2819-03	0.750818816074905	0.112823770220905	0.0211860690718471	9.99989100118809e-07	9.99989100118809e-07	0.0819334069258645	9.99989100118809e-07	9.99989100118809e-07	9.99989100118809e-07	0.0270472051854635	0.00618573257551493
TCGA-AB-2919-03	0.697515187829896	0.102729849425686	0.0465038791565534	9.99988800125438e-07	0.0401012508659903	9.99988800125438e-07	0.0210384643691991	0.0224213488808925	0.0151370304652588	9.99988800125438e-07	0.0545499890401227
TCGA-AB-2928-03	0.275900937499594	0.377038814869155	0.0806575047016978	9.99988900123208e-07	0.0718374026048311	9.99988900123208e-07	0.0462685864186907	0.0466585820897388	0.0570381668763477	9.99988900123208e-07	0.0445970049732448
TCGA-AB-2927-03	0.452988035251134	0.239003380522949	0.0672088633908572	9.9998904012012e-07	0.0418459413684826	0.077563249906781	0.00876306395681903	0.0190494912175763	0.0120050684244501	9.9998904012012e-07	0.0815709059828704
TCGA-AB-2806-03	0.741337845283702	0.150765341581243	9.99989000120999e-07	9.99989000120999e-07	9.99989000120999e-07	0.107888813223055	9.99989000120999e-07	9.99989000120999e-07	9.99989000120999e-07	9.99989000120999e-07	9.99989000120999e-07
TCGA-AB-2885-03	0.642771993785268	0.112743771092895	0.0421222408675745	0.0158986267049689	0.0650497909572786	0.0558225915337523	0.0142035451813575	0.0257600192157906	9.99989100118809e-07	0.0211065699383877	0.004519850733627
TCGA-AB-2815-03	0.4620809633175	0.373249931575746	0.0427766337346923	9.99989100118809e-07	0.0138016495620198	0.0656954839192253	0.016791916968105	0.0221657583932335	0.00343466256217807	9.99989100118809e-07	9.99989100118809e-07
TCGA-AB-2996-03	0.318939491665592	0.289629814072045	0.0758539656063783	9.99989000120999e-07	0.0760936629697073	9.99989000120999e-07	0.0154950295546749	0.0756272681000509	0.0489814612039268	0.0175034074625179	0.0818738993871067
TCGA-AB-2936-03	0.380961744657312	0.1894698836214	0.102167858785017	0.0128447565240696	0.104003838277126	0.00188064899315075	0.0320047425070262	0.0569686636600269	0.0308452554584965	0.020397772156885	0.068454835359489
TCGA-AB-2939-03	0.866886455580124	0.0747835766328213	9.99988990121219e-07	0.0229654471504269	9.99988990121219e-07	0.0278183937194852	9.99988990121219e-07	9.99988990121219e-07	9.99988990121219e-07	0.00754012698320192	9.99988990121219e-07
TCGA-AB-2979-03	0.673030818761164	0.118021740708027	0.0397236761483755	0.0321019574721138	0.0136685541565271	0.0711282410616679	9.99989330113848e-07	9.99989330113848e-07	0.00154425352281491	0.05077775820132	9.99989330113848e-07
TCGA-AB-2986-03	0.660023135759388	0.137786567019703	0.0126909680139327	0.0188585038715597	0.0324493625266297	0.0711640598937771	9.99989600108159e-07	0.0243177470954302	0.00220997701623903	0.0404976788241402	9.99989600108159e-07
TCGA-AB-2931-03	0.525300284732902	0.215769652426182	0.0304914682528254	0.0675506650487643	0.0421643412519672	0.0407984561127975	0.025140226474336	0.0441544195999148	0.00862848612207099	9.99989120118373e-07	9.99989120118373e-07
TCGA-AB-2896-03	0.203680802284143	0.409827577960434	0.100650913976638	0.00651881966193585	0.0967100564984904	0.0201509825708981	0.0124813653260681	0.0941872837192087	0.0254221256952637	9.99989210116423e-07	0.0303690723177097
TCGA-AB-2966-03	0.872925790632909	0.0217588704439168	0.023737149573072	0.0391198872851891	0.00419975569257744	0.0288486956462609	9.99989450111301e-07	0.00542626275292796	0.00398058800479655	9.99989450111301e-07	9.99989450111301e-07
TCGA-AB-2820-03	0.566274589771644	0.136692452641436	0.0639264763522877	0.0362400897621839	0.107619781744071	0.0209642626845464	0.0186459889274053	0.041555729589141	0.00807862854992481	9.99988680128141e-07	9.99988680128141e-07
TCGA-AB-2808-03	0.690886322180302	0.140581437718483	0.000648605792043833	0.0311059543195296	9.99988887123497e-07	0.0279378895262337	9.99988887123497e-07	9.99988887123497e-07	9.99988887123497e-07	0.108834790518973	9.99988887123497e-07
TCGA-AB-2991-03	0.62513977338422	0.21656449651442	0.0275594814123949	0.00872290916317007	0.0118111634629504	0.0771073086395121	9.99988440133632e-07	9.99988440133632e-07	0.00406740298082154	0.0290244644771906	9.99988440133632e-07
TCGA-AB-2803-03	0.367435028027347	0.395946719815959	0.0131833574879056	9.99989190116855e-07	0.0956523659979236	9.99989190116855e-07	0.00227298542902751	9.99989190116855e-07	0.029198584363303	0.0473008886773934	0.0490070702335708
TCGA-AB-2900-03	0.716948977340944	0.0907487845211012	0.0478988640117117	0.0345602132712135	0.021347361123029	0.0350321079907116	0.00881772132969832	0.0295094697890331	0.0147115353779191	9.99988810125215e-07	0.000423965255828787
TCGA-AB-2899-03	0.757057520955765	0.0931127571371201	0.0531672045273093	9.99988800125438e-07	0.0282373837413021	0.0532667034129218	9.99988800125438e-07	0.00531898042741921	0.00444943016638214	0.00538701966537975	9.99988800125438e-07
TCGA-AB-2812-03	0.867554066505939	0.0865946084917328	9.99988550131101e-07	9.99988550131101e-07	9.99988550131101e-07	0.0313484410603499	9.99988550131101e-07	0.00186222867748164	9.99988550131101e-07	0.0126346553331964	9.99988550131101e-07
TCGA-AB-3011-03	0.508092461792167	0.307663646466253	0.0246294315391962	0.0303912687351708	0.0320285508887953	0.0343775252849744	9.99989100118809e-07	0.0473379840159742	0.0154761313101687	9.99989100118809e-07	9.99989100118809e-07
TCGA-AB-2946-03	0.733874074159999	0.0875983539377775	0.0408794585018482	0.0279339983128182	0.0216831658218091	0.0303204725388966	9.99989200116639e-07	9.99989200116639e-07	9.99989200116639e-07	0.0577064767700509	9.99989200116639e-07
TCGA-AB-3000-03	0.84882308481114	0.0784821757017086	0.00440886369370463	0.0369045123919064	9.99989497110312e-07	0.0305494791388206	9.99989497110312e-07	0.000826884315234037	9.99989497110312e-07	9.99989497110312e-07	9.99989497110312e-07
TCGA-AB-2856-03	0.754255582507699	0.0912382817807753	0.00328652332239972	0.0133859506127912	9.99988840124544e-07	0.0367837894929093	9.99988840124544e-07	9.99988840124544e-07	9.99988840124544e-07	0.101044872339225	9.99988840124544e-07
TCGA-AB-2977-03	0.717573963171612	0.0870285252805168	0.0470152734289376	0.0221724516685413	0.0193834829049915	0.0348877092576563	0.0123793613511529	0.0312290502346374	0.0110289764754635	9.99988800125438e-07	0.0173002062376901
TCGA-AB-2879-03	0.820766135725734	0.0498757613417775	0.0221763604953066	0.0142440461643014	0.0336607364640462	0.0194795896204321	9.99989200116639e-07	0.0117891726769351	0.0139446493977865	0.0140615481352801	9.99989200116639e-07
TCGA-AB-2976-03	0.69314959023088	0.202251837927853	0.0136471541119225	0.0130235607781353	0.0140475498316923	0.00560816004876908	9.99989310114275e-07	0.00963376701503061	9.99989310114275e-07	0.0463397046285575	0.00229667544853945
TCGA-AB-2849-03	0.707787497452527	0.0834409155262954	0.0355518231506746	0.0355057236393294	0.0445289279933633	0.017933809901615	9.99989400112359e-07	0.0321476592348121	0.0302168797010752	0.0128847634215077	9.99989400112359e-07
TCGA-AB-2981-03	0.157652202764888	0.618682947014404	0.0426352139585609	9.99988600129958e-07	0.0432632067994425	0.0362471867820707	0.015666621400516	0.0333549197539148	0.0142360377091701	9.99988600129958e-07	0.0382596638398322
TCGA-AB-2954-03	0.648722363570221	0.238480560343868	0.00921872569243617	0.0346733452916777	9.99989770104652e-07	0.0399939908614735	0.00613594722925984	9.99989770104652e-07	9.99989770104652e-07	0.0227710670519841	9.99989770104652e-07
TCGA-AB-2973-03	0.475929707661651	0.242011308834246	0.0617498133420756	0.00207879688377865	0.0581172537361385	0.0191250873290289	0.0167668135530333	0.0552444856813192	0.0308173573109867	9.99988880123653e-07	0.0381583756788625
TCGA-AB-2828-03	0.459279653984828	0.430348990737748	0.0315388328879852	9.99988360135488e-07	0.0224349388573117	0.0169929022026184	0.00196972707237688	0.030873440633151	0.00278917753397351	9.99988360135488e-07	0.00377033611328764
TCGA-AB-2818-03	0.669851336900706	0.146513323887575	0.0147194316097024	0.00647327594572318	0.00299442574376949	0.0397588451588114	9.99988560130872e-07	9.99988560130872e-07	0.00140271395295238	0.11828364683508	9.99988560130872e-07
TCGA-AB-2930-03	0.761150123618521	0.0442487421140166	0.00304557848435384	9.9998965210708e-07	0.000656031211389025	0.0191943013773693	9.9998965210708e-07	9.9998965210708e-07	9.9998965210708e-07	0.17170022324609	9.9998965210708e-07
TCGA-AB-2821-03	0.43313636544089	0.160854278859216	0.0959703731170076	0.0496120691508601	0.0811453317449503	0.0570338897373798	0.0278761017257115	0.0606844506763778	0.022735756727403	9.99989300114489e-07	0.0109503828309037
TCGA-AB-2816-03	0.68206849724653	0.158456256981173	0.0354569099739903	0.0339018270799021	0.0258250159248248	0.0105232842438733	0.0104563849797652	0.0254840196757836	0.0178258039161569	9.99989000120999e-07	9.99989000120999e-07
TCGA-AB-2863-03	0.529459699429577	0.207249533730549	0.071923144114585	9.99988100141608e-07	0.0551529436799702	9.99988100141608e-07	0.0250185022798229	0.031403326300417	0.0277706695290326	9.99988100141608e-07	0.0520191809717464
TCGA-AB-2950-03	0.721586250163673	0.160975271125588	0.0169801176335366	9.99989260115346e-07	9.99989260115346e-07	0.0775151674871012	0.00271981078923212	9.99989260115346e-07	9.99989260115346e-07	0.0202183828545681	9.99989260115346e-07
TCGA-AB-2925-03	0.146691452405177	0.616367497322903	0.0227363601314006	9.99989450111301e-07	0.0386949917678368	0.00953235943360797	0.00679461831677676	0.0229340580456876	0.0103825904636706	0.111430824404803	0.0144342477186866
TCGA-AB-3007-03	0.643714932010046	0.168004155314375	0.024585430051978	0.0105557840974906	0.0265066089574336	0.0590528515996894	9.99989020120559e-07	9.99989020120559e-07	0.0023083646541561	0.0589094531742041	0.00636042016258661
TCGA-AB-2882-03	0.486476308227194	0.120685587978621	0.0528557815873554	9.99988300136888e-07	0.111759692411599	0.091774126242723	0.0178250914464301	0.0417357116921732	0.0158970140049361	0.0285912654821939	0.032398420938475
TCGA-AB-2825-03	0.255316097055976	0.574911463256663	0.0435387049649245	0.00560643625481978	0.0513213164766317	0.0169726070214582	0.00410103337125057	0.0282671786021793	0.0153682252632788	9.99988630129275e-07	0.00459593774418785
TCGA-AB-2916-03	0.289166553134687	0.250745011119467	0.0163648049315252	0.00658184154444879	9.99988080142085e-07	0.157450123194532	9.99988080142085e-07	9.99988080142085e-07	9.99988080142085e-07	0.27968666613494	9.99988080142085e-07
TCGA-AB-2855-03	0.919387070619637	0.0274536035010822	9.99989200116639e-07	0.0229034526427115	0.00594328581251322	0.00832358010533486	9.99989200116639e-07	0.00975366466042167	0.00623134270149882	9.99989200116639e-07	9.99989200116639e-07
TCGA-AB-2978-03	0.331683484155068	0.329540506870627	0.0626546358608599	0.0494561757645369	0.0589916746882483	0.0337621421212935	0.0165916241287842	0.0749592054324224	0.0423585509993594	9.99989400112359e-07	9.99989400112359e-07
TCGA-AB-2952-03	0.602082322907039	0.0951516447682595	0.0165840160832616	0.00651439775532889	9.99988910122987e-07	0.0984064086729278	9.99988910122987e-07	0.0064648383049432	0.00102329865161795	0.173770072889892	9.99988910122987e-07
TCGA-AB-2868-03	0.405871384430616	0.083768647382942	0.0901559747462552	0.0562133607416617	0.109341756565544	0.0664962438047155	0.000670464375479122	0.0423052189050506	0.011097473799528	0.0724173764695948	0.0616620987786127
TCGA-AB-2908-03	0.343162039910059	0.371957707608054	0.0461678672228122	9.9998846013317e-07	0.0623074809716696	0.0665236323172831	0.0152478240401106	0.0172042014635151	0.00987172608028103	0.0248908127600207	0.0426657076377339
TCGA-AB-2938-03	0.504575193197304	0.108518751133656	0.0481955453512054	0.0028083576805773	0.083089943776	0.11877463310589	0.0116545658757595	0.0272388865267222	0.011889463172491	0.0831672428864187	8.74172939755557e-05
TCGA-AB-2890-03	0.403930568881659	0.159205253518369	0.0481723715490841	0.0073548993167545	0.110607786632581	0.189359922721648	0.0121910662640031	0.00962625439998923	0.00848463692353295	0.0332783349366657	0.0177889048557137
TCGA-AB-2988-03	0.403782598769673	0.31276759083326	0.0740979923318836	0.0405497580076377	0.0883813366434306	9.99989100118809e-07	0.0337233324156767	0.0337817317791236	0.0129126592520142	9.99989100118809e-07	9.99989100118809e-07
TCGA-AB-2985-03	0.514003582402242	0.329677525198884	0.0197635916917436	9.99989460111091e-07	0.0273356118826508	0.0400021783770399	9.99989460111091e-07	0.0255706304855547	0.00895414562330513	9.99989460111091e-07	0.0346897343701997
TCGA-AB-2880-03	0.685980920676899	0.173135213244599	0.0231143614597897	0.0615936643533839	0.00918672519299601	0.0469841151239319	9.99989680106501e-07	9.99989680106501e-07	9.99989680106501e-07	9.99989680106501e-07	9.99989680106501e-07
TCGA-AB-2889-03	0.339798296198571	0.404435591652051	0.0493658619121052	9.99989100118809e-07	0.0446051138042595	0.0300074729185452	0.0376870892107276	0.0471694858526042	9.99989100118809e-07	9.99989100118809e-07	0.0469280884838355
TCGA-AB-2887-03	0.525638165416364	0.22084454862551	0.0745457725419248	9.99988900123208e-07	0.0579421568420591	0.0159612228304266	0.0187247921548071	0.0498193470052482	0.0246769260861204	9.99988900123208e-07	0.0118450685197394
TCGA-AB-2881-03	0.383055499097886	0.30638539997155	0.0808718497557654	9.99988250138061e-07	0.0482433331408356	0.0983356445561765	0.0464899537430435	0.0140830345243443	0.00741826283541168	9.99988250138061e-07	0.0151150223984868
TCGA-AB-2834-03	0.668418279054204	0.20542993440201	9.99989945101102e-07	0.0203542953375604	9.99989945101102e-07	0.0439115584692796	9.99989945101102e-07	0.000608818878326179	0.00206560923029919	0.0592075046685406	9.99989945101102e-07
TCGA-AB-2943-03	0.401615919582257	0.117526805927652	0.07308215748528	0.00295612996571955	0.101213971666048	0.0928348567978549	0.0300935942490824	0.0469926225549548	0.010433793992653	0.0327432673284039	0.0905068804500946
TCGA-AB-2844-03	0.810044303769684	0.136335368065644	9.99988030143279e-07	0.0155194142326116	9.99988030143279e-07	0.0359983690995219	9.99988030143279e-07	0.00209654490435749	9.99988030143279e-07	9.99988030143279e-07	9.99988030143279e-07
TCGA-AB-2870-03	0.49341476980344	0.298940831227189	0.0386299905221005	0.0322399582564425	0.0435233386526103	0.030313378678186	9.99989400112359e-07	0.044998223018836	0.0179365098729953	9.99989400112359e-07	9.99989400112359e-07
TCGA-AB-2813-03	0.221153425774124	0.571144351879744	0.051037305925759	9.99988360135488e-07	0.00722165593992486	0.0851050093776908	9.99988360135488e-07	9.99988360135488e-07	9.99988360135488e-07	0.0643332511609565	9.99988360135488e-07
TCGA-AB-2894-03	0.531627992603684	0.117840668400447	0.0464005756734949	0.0345828092142559	0.0791443056693459	0.0613857063415183	9.99988700127688e-07	0.0648473672247504	0.0278197856364223	0.0363487892586814	9.99988700127688e-07
TCGA-AB-2858-03	0.371947038764037	0.217535683244973	0.0515311511932398	0.0426252460411297	9.99989350113421e-07	0.246234377603879	9.99989350113421e-07	0.0261645213478476	0.00327941507422946	9.99989350113421e-07	0.040679566762614
TCGA-AB-2935-03	0.385100862091237	0.156502318382589	0.0670060800196702	9.99989255115454e-07	0.130355599329085	0.09996562586935	0.00659676911771583	9.99989255115454e-07	0.000304901723830977	0.0995027308431571	0.0546631126448546
TCGA-AB-2929-03	0.655374072696052	0.0954878906929954	0.0174505155480507	0.038532592710495	0.0288303952627221	0.0391363863283965	0.00452037221966564	0.00300701821581746	9.99989430111724e-07	0.117658756346945	9.99989430111724e-07
TCGA-AB-2826-03	0.675410205766225	0.159542158883486	0.0236971265351598	9.9998846013317e-07	0.0365759779132149	0.0110631723309913	9.9998846013317e-07	0.0301068525669214	0.0217496490090504	0.00874913903493553	0.0331037179830945
TCGA-AB-2993-03	0.847235519434538	0.0805626985034038	0.0116287698740651	0.012147264072115	0.00243766272255413	0.0152821289929766	9.99988810125215e-07	0.0103355843448112	9.99988810125215e-07	0.0203673720891063	9.99988810125215e-07
TCGA-AB-2810-03	0.740835630779879	0.104100823972992	0.0405005424653718	0.00018154494908671	0.0443694987577725	0.00248437193405026	0.00662747512941346	0.0301999588310651	0.0179161976007157	9.9998870312762e-07	0.0127829555909507
TCGA-AB-2924-03	0.570899879953287	0.319932570322846	0.00826781136906212	0.00187899985712153	0.00737610092819805	0.0353281212825398	9.99989280114917e-07	0.0250973309566121	0.00334948409353052	0.0278677012582425	9.99989280114917e-07
TCGA-AB-2901-03	0.581168714427886	0.209418735052613	0.0469825918644759	0.00553908009263317	0.0552689022447147	0.0147931400062736	0.0231187499614717	0.0459317032302569	0.0158053290590441	2.00651829870199e-05	0.00195298887764409
TCGA-AB-2975-03	0.43244137287731	0.248356342587134	0.0655001991478691	9.99989300114489e-07	0.0880406579649598	9.99989300114489e-07	0.0358290166295221	0.0359974148276613	0.0247343353426118	9.99989300114489e-07	0.069097660655031
TCGA-AB-2860-03	0.447303535910712	0.148123521727253	0.118606816303973	0.0119514807242224	0.120342798978866	0.079237009214648	0.00333716669507638	0.00666005353266574	0.00973736282111905	0.0399258015405006	0.0147744525509635
TCGA-AB-2854-03	0.395502463586743	0.382140616847125	0.039350948644619	0.00672186290023253	0.0275859835887682	0.0883218869479567	0.00425289121933771	0.0250641125146295	0.0100053852382313	0.00602572088498145	0.0150281276273761
TCGA-AB-2846-03	0.591999677443445	0.234510495427909	0.0383101908471618	9.99989320114061e-07	0.0201073852531255	0.0708544432745458	0.00397298756849277	0.0306173730064563	9.99989320114061e-07	0.00962444721090379	9.99989320114061e-07
TCGA-FF-A7CQ-01	0.462566328080086	0.0456647387861383	9.99989900102009e-07	9.99989900102009e-07	9.99989900102009e-07	0.380526156685817	0.00453443420221456	0.013959159012494	0.021311684751984	0.0028575911383295	0.0685769073732355
TCGA-RQ-AAAT-01	0.630467254000382	9.99989300114489e-07	0.167506207683578	9.99989300114489e-07	0.0113703783369518	0.0176572110678416	0.0268122131093197	0.0125990651900025	0.0524606386711662	0.0224404598870792	0.0586845720750788
TCGA-GR-A4D6-01	0.460376641215896	9.99988360135488e-07	0.154494201687492	0.0119894604426804	0.0159102148050997	0.217194471856348	0.0092472223623317	0.00376098622212038	0.0242925172350994	0.00687280000060799	0.0958604841839641
TCGA-G8-6906-01	0.722219990580305	0.0244238291397348	0.0862723432397135	9.99988910122987e-07	0.0115923714406007	0.0405822499428481	0.0187153924462978	0.00163407187814287	0.0281532877800385	0.0109952780623663	0.0554101855010428
